[SIGNAL]
nbits = 16
rate = 123
data = 5985
  12339
  2643
  14924
  1018
  15458
  1615
  13775
  4247
  10402
  8112
  6357
  12014
  2901
  14757
  1081
  15509
  1459
  14026
  3925
  10768
  7713
  6744
  11668
  3175
  14569
  1164
  15533
  1323
  14259
  3610
  11145
  7322
  7130
  11313
  3468
  14364
  1267
  15539
  1212
  14473
  3316
  11494
  6929
  7522
  10951
  3771
  14138
  1391
  15522
  1117
  14670
  3031
  11842
  6547
  7920
  10583
  4094
  13898
  1543
  15483
  1046
  14842
  2761
  12182
  6164
  8311
  10202
  4424
  13637
  1706
  15421
  993
  15006
  2513
  12510
  5786
  8709
  9818
  4764
  13364
  1891
  15344
  965
  15142
  2277
  12820
  5421
  9101
  9425
  5116
  13075
  2095
  15240
  956
  15263
  2056
  13127
  5058
  9496
  9042
  5477
  12778
  2308
  15127
  967
  15357
  1856
  13410
  4705
  9877
  8642
  5844
  12458
  2550
  14978
  1002
  15434
  1674
  13682
  4367
  10260
  8250
  6224
  12134
  2802
  14824
  1056
  15491
  1515
  13938
  4039
  10634
  7854
  6600
  11791
  3073
  14640
  1131
  15526
  1373
  14176
  3726
  11008
  7464
  6994
  11441
  3363
  14438
  1229
  15537
  1254
  14396
  3419
  11364
  7068
  7378
  11083
  3660
  14225
  1344
  15527
  1147
  14600
  3128
  11722
  6682
  7773
  10717
  3976
  13991
  1486
  15501
  1068
  14783
  2855
  12060
  6295
  8172
  10339
  4302
  13736
  1642
  15445
  1010
  14945
  2600
  12391
  5925
  8565
  9956
  4636
  13469
  1818
  15378
  966
  15099
  2355
  12713
  5547
  8955
  9572
  4984
  13182
  2014
  15283
  954
  15221
  2133
  13018
  5188
  9350
  9180
  5346
  12887
  2230
  15168
  959
  15326
  1925
  13305
  4835
  9737
  8786
  5709
  12576
  2455
  15035
  984
  15410
  1736
  13589
  4492
  10125
  8400
  6086
  12254
  2713
  14882
  1034
  15474
  1567
  13843
  4157
  10501
  7996
  6465
  11917
  2974
  14707
  1101
  15516
  1422
  14095
  3833
  10878
  7606
  6849
  11575
  3253
  14514
  1190
  15535
  1294
  14315
  3528
  11237
  7213
  7239
  11210
  3549
  14301
  1304
  15534
  1188
  14530
  3236
  11598
  6825
  7633
  10853
  3858
  14076
  1431
  15513
  1093
  14721
  2954
  11938
  6436
  8028
  10475
  4182
  13827
  1585
  15468
  1030
  14894
  2692
  12277
  6056
  8426
  10102
  4516
  13564
  1754
  15404
  987
  15048
  2443
  12599
  5682
  8817
  9714
  4854
  13291
  1938
  15321
  959
  15178
  2209
  12913
  5321
  9208
  9322
  5216
  13000
  2151
  15213
  953
  15292
  1999
  13204
  4959
  9601
  8930
  5574
  12689
  2375
  15086
  972
  15383
  1804
  13490
  4614
  9990
  8537
  5945
  12372
  2616
  14944
  1010
  15453
  1627
  13756
  4274
  10365
  8139
  6321
  12042
  2872
  14775
  1072
  15503
  1472
  14010
  3949
  10741
  7749
  6710
  11699
  3154
  14586
  1157
  15531
  1333
  14237
  3637
  11109
  7350
  7099
  11346
  3441
  14381
  1259
  15537
  1219
  14458
  3338
  11469
  6964
  7493
  10985
  3746
  14162
  1380
  15523
  1123
  14651
  3054
  11814
  6579
  7880
  10614
  4060
  13919
  1525
  15487
  1050
  14834
  2787
  12153
  6198
  8276
  10242
  4388
  13668
  1686
  15432
  994
  14991
  2528
  12479
  5820
  8672
  9849
  4730
  13390
  1868
  15354
  964
  15133
  2291
  12801
  5453
  9067
  9469
  5082
  13110
  2068
  15253
  953
  15254
  2076
  13102
  5088
  9455
  9077
  5441
  12802
  2289
  15133
  965
  15355
  1872
  13388
  4744
  9839
  8686
  5811
  12493
  2531
  14993
  999
  15424
  1688
  13658
  4395
  10226
  8281
  6188
  12162
  2781
  14834
  1049
  15485
  1525
  13913
  4068
  10605
  7889
  6570
  11824
  3050
  14659
  1123
  15524
  1381
  14157
  3750
  10975
  7498
  6959
  11474
  3334
  14458
  1221
  15537
  1261
  14376
  3446
  11339
  7106
  7349
  11114
  3637
  14242
  1334
  15536
  1156
  14583
  3155
  11689
  6713
  7739
  10749
  3944
  14010
  1469
  15502
  1076
  14771
  2877
  12031
  6333
  8138
  10373
  4269
  13764
  1623
  15454
  1010
  14934
  2621
  12366
  5959
  8528
  9995
  4608
  13492
  1800
  15384
  972
  15085
  2378
  12684
  5583
  8924
  9610
  4955
  13210
  1997
  15292
  957
  15210
  2151
  12987
  5222
  9318
  9214
  5314
  12909
  2211
  15178
  957
  15320
  1941
  13287
  4864
  9702
  8829
  5676
  12608
  2437
  15048
  981
  15400
  1756
  13560
  4522
  10088
  8426
  6046
  12279
  2687
  14895
  1027
  15467
  1584
  13823
  4188
  10467
  8036
  6434
  11948
  2948
  14721
  1096
  15513
  1436
  14071
  3859
  10841
  7639
  6816
  11601
  3229
  14531
  1184
  15536
  1303
  14299
  3554
  11207
  7248
  7206
  11247
  3527
  14320
  1289
  15537
  1190
  14510
  3261
  11559
  6860
  7595
  10885
  3829
  14096
  1420
  15514
  1102
  14705
  2980
  11911
  6474
  7993
  10509
  4153
  13852
  1568
  15474
  1037
  14876
  2709
  12247
  6094
  8384
  10132
  4481
  13591
  1737
  15411
  983
  15034
  2463
  12567
  5719
  8782
  9748
  4828
  13316
  1923
  15329
  959
  15168
  2228
  12883
  5353
  9171
  9361
  5175
  13025
  2126
  15223
  954
  15282
  2019
  13181
  4995
  9563
  8973
  5543
  12721
  2354
  15101
  973
  15375
  1818
  13465
  4643
  9951
  8573
  5913
  12402
  2594
  14948
  1009
  15449
  1642
  13731
  4305
  10329
  8179
  6292
  12070
  2852
  14788
  1065
  15501
  1487
  13984
  3977
  10709
  7784
  6671
  11729
  3123
  14605
  1146
  15530
  1348
  14218
  3668
  11074
  7391
  7062
  11379
  3413
  14399
  1249
  15540
  1232
  14433
  3365
  11434
  7000
  7455
  11013
  3715
  14184
  1367
  15531
  1129
  14637
  3082
  11786
  6614
  7843
  10649
  4034
  13943
  1512
  15494
  1054
  14817
  2808
  12124
  6227
  8242
  10272
  4360
  13689
  1675
  15436
  1002
  14980
  2551
  12455
  5856
  8636
  9891
  4703
  13417
  1853
  15360
  966
  15122
  2313
  12770
  5479
  9029
  9501
  5050
  13135
  2048
  15266
  949
  15244
  2090
  13075
  5127
  9420
  9115
  5403
  12836
  2268
  15147
  964
  15340
  1889
  13363
  4772
  9808
  8717
  5778
  12519
  2502
  15013
  992
  15424
  1705
  13636
  4427
  10194
  8327
  6155
  12192
  2757
  14849
  1042
  15482
  1538
  13893
  4094
  10570
  7930
  6532
  11856
  3021
  14674
  1112
  15521
  1398
  14136
  3780
  10944
  7537
  6923
  11505
  3309
  14480
  1208
  15538
  1269
  14359
  3473
  11302
  7141
  7310
  11149
  3605
  14264
  1322
  15535
  1166
  14569
  3183
  11663
  6749
  7704
  10783
  3912
  14037
  1459
  15511
  1080
  14756
  2900
  12003
  6369
  8096
  10408
  4239
  13787
  1612
  15462
  1016
  14925
  2642
  12339
  5990
  8492
  10035
  4579
  13519
  1785
  15388
  979
  15070
  2402
  12654
  5615
  8888
  9639
  4919
  13238
  1973
  15302
  954
  15200
  2170
  12964
  5254
  9280
  9254
  5284
  12943
  2187
  15189
  957
  15307
  1962
  13259
  4898
  9671
  8859
  5641
  12633
  2416
  15063
  979
  15396
  1770
  13539
  4550
  10058
  8470
  6018
  12312
  2669
  14907
  1026
  15457
  1600
  13801
  4216
  10434
  8069
  6397
  11981
  2922
  14742
  1084
  15511
  1448
  14052
  3892
  10811
  7674
  6779
  11632
  3205
  14552
  1174
  15536
  1314
  14276
  3583
  11172
  7278
  7169
  11279
  3495
  14344
  1280
  15540
  1200
  14493
  3286
  11529
  6892
  7562
  10916
  3802
  14119
  1407
  15520
  1108
  14687
  3002
  11878
  6508
  7957
  10546
  4121
  13880
  1550
  15482
  1040
  14864
  2735
  12217
  6123
  8357
  10169
  4452
  13616
  1718
  15421
  986
  15022
  2484
  12539
  5750
  8743
  9781
  4794
  13342
  1905
  15338
  959
  15159
  2255
  12853
  5388
  9137
  9395
  5150
  13053
  2107
  15234
  953
  15273
  2035
  13154
  5027
  9528
  9002
  5512
  12744
  2333
  15108
  967
  15370
  1837
  13440
  4676
  9917
  8611
  5881
  12431
  2575
  14964
  1007
  15441
  1659
  13708
  4331
  10296
  8216
  6255
  12100
  2823
  14805
  1061
  15499
  1503
  13962
  4011
  10678
  7820
  6639
  11762
  3105
  14618
  1138
  15528
  1356
  14198
  3691
  11040
  7428
  7029
  11410
  3388
  14421
  1240
  15539
  1238
  14416
  3394
  11404
  7031
  7417
  11052
  3689
  14202
  1354
  15530
  1137
  14619
  3103
  11752
  6643
  7809
  10680
  4003
  13969
  1495
  15499
  1061
  14801
  2830
  12096
  6260
  8208
  10305
  4329
  13715
  1654
  15443
  1006
  14965
  2573
  12424
  5886
  8599
  9919
  4672
  13437
  1832
  15367
  968
  15108
  2336
  12742
  5516
  8995
  9533
  5022
  13158
  2039
  15272
  953
  15230
  2110
  13046
  5158
  9386
  9141
  5376
  12859
  2248
  15155
  960
  15336
  1905
  13338
  4798
  9776
  8756
  5746
  12549
  2482
  15024
  987
  15417
  1719
  13611
  4463
  10157
  8359
  6120
  12219
  2737
  14865
  1039
  15482
  1556
  13874
  4126
  10538
  7965
  6502
  11888
  2999
  14689
  1108
  15519
  1408
  14114
  3802
  10910
  7565
  6888
  11538
  3281
  14497
  1197
  15541
  1282
  14341
  3500
  11274
  7178
  7278
  11183
  3581
  14287
  1316
  15536
  1173
  14545
  3206
  11621
  6789
  7666
  10816
  3887
  14052
  1446
  15513
  1089
  14740
  2930
  11974
  6402
  8064
  10446
  4210
  13806
  1599
  15465
  1023
  14904
  2667
  12300
  6022
  8462
  10064
  4546
  13543
  1771
  15396
  979
  15059
  2424
  12629
  5653
  8852
  9678
  4890
  13266
  1957
  15311
  956
  15189
  2190
  12939
  5280
  9245
  9288
  5249
  12970
  2163
  15202
  950
  15304
  1983
  13233
  4932
  9633
  8896
  5611
  12663
  2396
  15073
  976
  15389
  1787
  13512
  4585
  10020
  8500
  5981
  12340
  2642
  14923
  1019
  15457
  1616
  13780
  4242
  10406
  8106
  6360
  12010
  2900
  14755
  1081
  15505
  1458
  14027
  3922
  10772
  7709
  6744
  11667
  3176
  14569
  1165
  15533
  1324
  14260
  3611
  11136
  7324
  7136
  11314
  3469
  14364
  1270
  15536
  1210
  14472
  3310
  11500
  6929
  7524
  10948
  3778
  14139
  1392
  15523
  1115
  14673
  3030
  11846
  6543
  7920
  10584
  4092
  13900
  1538
  15484
  1044
  14846
  2760
  12185
  6157
  8313
  10199
  4425
  13642
  1705
  15420
  992
  15007
  2508
  12515
  5786
  8713
  9820
  4766
  13364
  1891
  15344
  965
  15144
  2272
  12824
  5414
  9105
  9430
  5113
  13081
  2092
  15245
  953
  15258
  2059
  13128
  5059
  9496
  9040
  5481
  12775
  2315
  15120
  970
  15355
  1856
  13404
  4709
  9879
  8643
  5843
  12458
  2550
  14980
  1002
  15433
  1679
  13681
  4372
  10262
  8253
  6224
  12132
  2807
  14814
  1058
  15488
  1515
  13935
  4041
  10638
  7856
  6606
  11790
  3073
  14638
  1136
  15526
  1372
  14174
  3721
  11010
  7465
  6994
  11439
  3361
  14441
  1227
  15538
  1250
  14398
  3418
  11369
  7067
  7378
  11082
  3663
  14222
  1349
  15530
  1153
  14600
  3132
  11721
  6680
  7781
  10713
  3977
  13990
  1486
  15499
  1067
  14786
  2851
  12067
  6294
  8169
  10339
  4302
  13736
  1640
  15447
  1008
  14948
  2596
  12395
  5921
  8569
  9961
  4642
  13467
  1820
  15373
  974
  15095
  2352
  12709
  5549
  8955
  9572
  4988
  13182
  2017
  15283
  958
  15220
  2131
  13023
  5188
  9351
  9184
  5346
  12884
  2228
  15168
  961
  15327
  1925
  13308
  4832
  9744
  8788
  5711
  12572
  2463
  15032
  991
  15406
  1742
  13588
  4489
  10124
  8393
  6087
  12256
  2707
  14879
  1035
  15472
  1569
  13845
  4154
  10504
  7996
  6467
  11912
  2976
  14707
  1103
  15515
  1417
  14093
  3836
  10875
  7603
  6853
  11569
  3258
  14515
  1189
  15537
  1294
  14317
  3530
  11236
  7213
  7238
  11209
  3549
  14301
  1303
  15533
  1184
  14526
  3236
  11595
  6825
  7633
  10846
  3863
  14073
  1433
  15513
  1095
  14718
  2952
  11943
  6435
  8031
  10479
  4181
  13827
  1584
  15475
  1027
  14893
  2688
  12275
  6059
  8422
  10097
  4517
  13564
  1756
  15405
  981
  15047
  2443
  12600
  5678
  8819
  9712
  4859
  13288
  1939
  15319
  958
  15181
  2209
  12911
  5315
  9210
  9324
  5215
  12997
  2151
  15213
  955
  15293
  1994
  13206
  4957
  9597
  8931
  5582
  12689
  2377
  15084
  974
  15382
  1808
  13488
  4610
  9991
  8539
  5949
  12371
  2618
  14936
  1012
  15452
  1626
  13758
  4274
  10365
  8140
  6327
  12039
  2875
  14771
  1075
  15504
  1473
  14009
  3951
  10742
  7748
  6714
  11696
  3154
  14588
  1156
  15530
  1336
  14237
  3633
  11110
  7348
  7100
  11340
  3447
  14380
  1263
  15537
  1218
  14459
  3339
  11470
  6963
  7496
  10985
  3747
  14160
  1383
  15518
  1125
  14650
  3056
  11814
  6574
  7879
  10613
  4062
  13920
  1525
  15487
  1053
  14833
  2787
  12157
  6190
  8281
  10235
  4396
  13663
  1686
  15433
  994
  14995
  2528
  12487
  5817
  8674
  9848
  4732
  13388
  1869
  15349
  963
  15132
  2291
  12797
  5447
  9067
  9465
  5086
  13105
  2071
  15254
  952
  15252
  2074
  13098
  5085
  9461
  9077
  5442
  12801
  2292
  15135
  966
  15351
  1868
  13389
  4737
  9848
  8681
  5812
  12488
  2530
  14999
  997
  15430
  1690
  13660
  4397
  10227
  8282
  6189
  12161
  2777
  14834
  1050
  15487
  1526
  13918
  4065
  10612
  7889
  6573
  11823
  3053
  14655
  1125
  15522
  1382
  14158
  3745
  10974
  7497
  6958
  11475
  3337
  14460
  1218
  15542
  1259
  14382
  3445
  11337
  7103
  7347
  11114
  3636
  14240
  1336
  15533
  1154
  14582
  3154
  11687
  6712
  7742
  10745
  3949
  14009
  1473
  15504
  1072
  14770
  2880
  12033
  6331
  8139
  10373
  4274
  13762
  1628
  15451
  1016
  14933
  2621
  12365
  5955
  8532
  9991
  4609
  13491
  1806
  15379
  978
  15082
  2376
  12687
  5585
  8931
  9603
  4961
  13207
  2001
  15289
  957
  15212
  2147
  12992
  5215
  9320
  9211
  5314
  12914
  2207
  15180
  953
  15319
  1940
  13289
  4867
  9707
  8825
  5680
  12603
  2442
  15048
  980
  15404
  1753
  13560
  4517
  10091
  8427
  6051
  12277
  2691
  14889
  1028
  15468
  1582
  13828
  4185
  10468
  8036
  6434
  11944
  2952
  14723
  1097
  15513
  1432
  14074
  3862
  10842
  7637
  6818
  11595
  3231
  14531
  1184
  15536
  1301
  14300
  3554
  11209
  7250
  7206
  11245
  3528
  14324
  1295
  15536
  1190
  14513
  3260
  11556
  6856
  7595
  10883
  3830
  14094
  1422
  15515
  1104
  14706
  2978
  11912
  6470
  7993
  10510
  4155
  13853
  1571
  15478
  1034
  14877
  2711
  12246
  6088
  8388
  10131
  4486
  13590
  1737
  15410
  985
  15031
  2464
  12572
  5716
  8785
  9745
  4832
  13316
  1924
  15325
  961
  15169
  2229
  12881
  5349
  9171
  9356
  5184
  13019
  2128
  15223
  952
  15282
  2016
  13181
  4993
  9568
  8964
  5548
  12721
  2358
  15096
  972
  15375
  1821
  13464
  4639
  9949
  8572
  5916
  12402
  2595
  14952
  1008
  15446
  1642
  13734
  4305
  10332
  8176
  6292
  12072
  2852
  14789
  1063
  15505
  1482
  13983
  3976
  10709
  7781
  6675
  11726
  3127
  14602
  1147
  15530
  1345
  14222
  3666
  11073
  7391
  7063
  11380
  3414
  14398
  1252
  15537
  1232
  14435
  3366
  11435
  6997
  7454
  11012
  3718
  14177
  1374
  15522
  1133
  14638
  3079
  11787
  6608
  7850
  10644
  4039
  13939
  1513
  15493
  1059
  14818
  2805
  12125
  6224
  8249
  10263
  4367
  13687
  1673
  15438
  998
  14977
  2545
  12460
  5849
  8641
  9885
  4705
  13419
  1854
  15357
  967
  15122
  2313
  12770
  5480
  9034
  9495
  5053
  13130
  2055
  15263
  953
  15244
  2093
  13071
  5117
  9428
  9110
  5412
  12829
  2271
  15143
  960
  15345
  1886
  13362
  4766
  9810
  8713
  5778
  12517
  2507
  15007
  992
  15421
  1707
  13638
  4425
  10197
  8320
  6158
  12191
  2760
  14848
  1047
  15481
  1539
  13894
  4091
  10571
  7921
  6537
  11847
  3028
  14668
  1116
  15520
  1395
  14138
  3777
  10945
  7532
  6925
  11506
  3311
  14480
  1209
  15540
  1265
  14359
  3471
  11307
  7135
  7314
  11142
  3605
  14259
  1323
  15534
  1169
  14570
  3181
  11663
  6747
  7706
  10784
  3915
  14033
  1459
  15508
  1081
  14755
  2905
  12001
  6365
  8101
  10408
  4241
  13782
  1612
  15458
  1018
  14923
  2643
  12338
  5988
  8499
  10027
  4582
  13517
  1787
  15391
  973
  15075
  2397
  12656
  5612
  8891
  9640
  4924
  13239
  1978
  15303
  957
  15199
  2169
  12966
  5252
  9281
  9247
  5282
  12939
  2192
  15188
  955
  15312
  1957
  13260
  4890
  9667
  8855
  5645
  12629
  2414
  15059
  979
  15398
  1768
  13540
  4550
  10061
  8464
  6020
  12317
  2667
  14912
  1023
  15463
  1599
  13801
  4216
  10435
  8067
  6398
  11977
  2927
  14738
  1093
  15509
  1449
  14050
  3889
  10807
  7673
  6784
  11631
  3206
  14549
  1174
  15536
  1311
  14282
  3578
  11175
  7281
  7172
  11277
  3499
  14342
  1280
  15537
  1200
  14493
  3284
  11531
  6893
  7565
  10913
  3804
  14114
  1406
  15520
  1108
  14688
  3000
  11879
  6499
  7957
  10540
  4122
  13873
  1553
  15481
  1039
  14864
  2737
  12220
  6125
  8352
  10170
  4456
  13613
  1723
  15417
  987
  15022
  2486
  12540
  5749
  8745
  9782
  4795
  13335
  1904
  15332
  963
  15155
  2251
  12856
  5379
  9140
  9392
  5152
  13051
  2111
  15231
  956
  15273
  2035
  13154
  5022
  9527
  9002
  5509
  12745
  2332
  15108
  969
  15370
  1839
  13438
  4675
  9917
  8606
  5882
  12430
  2577
  14963
  1005
  15443
  1660
  13705
  4333
  10296
  8211
  6258
  12095
  2828
  14804
  1062
  15498
  1498
  13963
  4011
  10674
  7818
  6642
  11761
  3105
  14620
  1140
  15533
  1357
  14201
  3693
  11038
  7421
  7030
  11405
  3387
  14414
  1240
  15539
  1239
  14422
  3387
  11405
  7030
  7421
  11048
  3693
  14200
  1358
  15527
  1139
  14620
  3101
  11753
  6638
  7817
  10676
  4008
  13965
  1498
  15500
  1060
  14802
  2827
  12095
  6260
  8211
  10304
  4332
  13711
  1654
  15441
  1005
  14964
  2574
  12423
  5882
  8600
  9921
  4669
  13440
  1838
  15363
  971
  15110
  2335
  12745
  5520
  8998
  9536
  5020
  13153
  2036
  15269
  954
  15236
  2109
  13048
  5150
  9386
  9140
  5382
  12856
  2251
  15155
  960
  15334
  1907
  13338
  4795
  9780
  8752
  5748
  12544
  2483
  15025
  988
  15415
  1722
  13608
  4459
  10164
  8353
  6122
  12215
  2734
  14865
  1039
  15482
  1550
  13874
  4130
  10537
  7964
  6501
  11891
  3001
  14686
  1110
  15520
  1408
  14116
  3807
  10908
  7567
  6887
  11532
  3281
  14494
  1201
  15536
  1279
  14340
  3506
  11273
  7176
  7278
  11178
  3585
  14282
  1318
  15532
  1172
  14549
  3204
  11628
  6785
  7670
  10810
  3890
  14050
  1448
  15510
  1088
  14741
  2930
  11979
  6403
  8067
  10443
  4215
  13807
  1598
  15466
  1021
  14908
  2666
  12305
  6024
  8458
  10062
  4547
  13541
  1769
  15396
  975
  15062
  2419
  12624
  5651
  8854
  9679
  4893
  13268
  1961
  15312
  957
  15189
  2190
  12941
  5284
  9248
  9287
  5244
  12967
  2174
  15201
  957
  15300
  1982
  13233
  4928
  9637
  8898
  5610
  12659
  2403
  15070
  980
  15387
  1786
  13513
  4580
  10020
  8496
  5986
  12339
  2641
  14925
  1020
  15460
  1614
  13781
  4243
  10406
  8106
  6364
  12006
  2904
  14755
  1077
  15508
  1456
  14032
  3917
  10776
  7710
  6746
  11665
  3174
  14568
  1164
  15533
  1325
  14260
  3606
  11148
  7313
  7142
  11309
  3471
  14362
  1274
  15536
  1211
  14473
  3306
  11505
  6924
  7529
  10945
  3775
  14136
  1395
  15522
  1116
  14675
  3027
  11852
  6538
  7923
  10580
  4094
  13893
  1540
  15482
  1044
  14850
  2759
  12185
  6155
  8318
  10199
  4427
  13638
  1707
  15419
  994
  15008
  2506
  12515
  5783
  8712
  9817
  4768
  13363
  1892
  15344
  965
  15144
  2269
  12827
  5414
  9106
  9426
  5117
  13073
  2090
  15243
  949
  15262
  2054
  13131
  5058
  9495
  9036
  5480
  12777
  2315
  15123
  969
  15357
  1853
  13414
  4702
  9884
  8642
  5850
  12453
  2552
  14976
  1002
  15436
  1675
  13686
  4362
  10264
  8248
  6228
  12129
  2810
  14819
  1056
  15492
  1511
  13940
  4032
  10643
  7853
  6608
  11790
  3077
  14636
  1131
  15524
  1371
  14177
  3720
  11012
  7461
  6997
  11442
  3361
  14442
  1228
  15539
  1244
  14398
  3414
  11374
  7061
  7385
  11080
  3664
  14220
  1347
  15531
  1147
  14603
  3126
  11728
  6677
  7780
  10712
  3977
  13988
  1487
  15502
  1069
  14787
  2854
  12066
  6295
  8176
  10334
  4305
  13730
  1645
  15448
  1009
  14948
  2597
  12395
  5922
  8571
  9958
  4641
  13464
  1821
  15376
  970
  15096
  2350
  12716
  5548
  8963
  9565
  4984
  13184
  2013
  15283
  954
  15220
  2126
  13025
  5185
  9357
  9178
  5350
  12882
  2229
  15166
  959
  15328
  1921
  13315
  4827
  9744
  8787
  5711
  12573
  2460
  15034
  986
  15413
  1736
  13591
  4488
  10127
  8391
  6087
  12253
  2710
  14884
  1033
  15477
  1566
  13853
  4151
  10505
  7997
  6469
  11914
  2976
  14708
  1102
  15518
  1422
  14095
  3835
  10880
  7603
  6857
  11568
  3257
  14517
  1193
  15537
  1291
  14322
  3527
  11240
  7208
  7243
  11210
  3552
  14303
  1300
  15540
  1183
  14532
  3229
  11599
  6818
  7634
  10847
  3863
  14076
  1431
  15517
  1094
  14720
  2952
  11942
  6435
  8028
  10473
  4181
  13831
  1581
  15475
  1028
  14896
  2687
  12276
  6056
  8427
  10094
  4518
  13565
  1757
  15403
  982
  15046
  2442
  12605
  5680
  8821
  9706
  4860
  13287
  1942
  15319
  956
  15180
  2210
  12912
  5312
  9217
  9321
  5215
  12995
  2153
  15211
  957
  15294
  1993
  13211
  4957
  9602
  8928
  5578
  12689
  2374
  15086
  972
  15382
  1802
  13493
  4610
  9988
  8533
  5952
  12365
  2623
  14934
  1013
  15456
  1622
  13758
  4274
  10365
  8143
  6321
  12042
  2875
  14769
  1075
  15505
  1469
  14010
  3948
  10742
  7742
  6714
  11695
  3155
  14585
  1158
  15534
  1333
  14241
  3634
  11108
  7349
  7099
  11340
  3444
  14379
  1259
  15541
  1224
  14461
  3336
  11470
  6959
  7498
  10984
  3750
  14158
  1382
  15523
  1124
  14657
  3051
  11817
  6572
  7889
  10609
  4066
  13917
  1528
  15488
  1048
  14834
  2781
  12161
  6191
  8281
  10236
  4393
  13664
  1688
  15430
  996
  14992
  2528
  12485
  5812
  8678
  9852
  4734
  13392
  1870
  15355
  961
  15135
  2291
  12803
  5449
  9072
  9460
  5088
  13104
  2071
  15251
  952
  15252
  2073
  13102
  5081
  9459
  9076
  5446
  12803
  2289
  15136
  960
  15356
  1870
  13390
  4740
  9845
  8681
  5811
  12488
  2532
  14992
  995
  15429
  1687
  13660
  4396
  10226
  8279
  6192
  12159
  2782
  14832
  1051
  15490
  1524
  13921
  4063
  10609
  7888
  6572
  11824
  3054
  14657
  1123
  15525
  1381
  14159
  3748
  10977
  7492
  6961
  11476
  3336
  14463
  1216
  15541
  1258
  14384
  3442
  11345
  7103
  7349
  11113
  3636
  14246
  1333
  15533
  1156
  14583
  3155
  11693
  6711
  7742
  10742
  3949
  14009
  1469
  15508
  1073
  14772
  2878
  12037
  6325
  8144
  10368
  4274
  13756
  1628
  15452
  1011
  14939
  2613
  12369
  5947
  8531
  9987
  4611
  13493
  1804
  15381
  976
  15086
  2373
  12687
  5579
  8928
  9602
  4964
  13206
  2002
  15291
  955
  15215
  2145
  12994
  5219
  9317
  9212
  5313
  12913
  2209
  15178
  956
  15315
  1944
  13286
  4862
  9711
  8820
  5682
  12600
  2440
  15044
  985
  15402
  1754
  13560
  4520
  10093
  8424
  6050
  12276
  2689
  14889
  1028
  15469
  1582
  13827
  4184
  10473
  8032
  6436
  11945
  2953
  14720
  1094
  15515
  1430
  14073
  3859
  10846
  7636
  6818
  11598
  3232
  14532
  1180
  15537
  1295
  14299
  3551
  11213
  7243
  7210
  11248
  3525
  14324
  1290
  15538
  1190
  14515
  3251
  11565
  6854
  7601
  10878
  3833
  14090
  1421
  15516
  1103
  14705
  2977
  11917
  6466
  7995
  10508
  4156
  13851
  1570
  15477
  1033
  14880
  2710
  12250
  6082
  8390
  10128
  4487
  13591
  1738
  15411
  981
  15035
  2463
  12574
  5713
  8785
  9745
  4829
  13312
  1930
  15325
  962
  15164
  2231
  12885
  5345
  9175
  9354
  5184
  13021
  2132
  15223
  951
  15284
  2012
  13184
  4986
  9570
  8964
  5550
  12717
  2358
  15095
  969
  15376
  1814
  13468
  4639
  9955
  8569
  5914
  12402
  2594
  14952
  1008
  15448
  1642
  13735
  4302
  10339
  8177
  6295
  12067
  2852
  14786
  1071
  15500
  1482
  13988
  3974
  10712
  7779
  6682
  11722
  3131
  14605
  1147
  15530
  1346
  14227
  3661
  11083
  7383
  7071
  11372
  3418
  14400
  1249
  15539
  1229
  14439
  3358
  11439
  6990
  7459
  11011
  3722
  14178
  1370
  15528
  1130
  14639
  3078
  11793
  6609
  7854
  10645
  4038
  13944
  1512
  15496
  1055
  14818
  2801
  12128
  6226
  8247
  10265
  4367
  13685
  1675
  15437
  1001
  14981
  2549
  12460
  5849
  8644
  9886
  4710
  13413
  1855
  15363
  964
  15127
  2308
  12771
  5475
  9035
  9500
  5050
  13128
  2057
  15266
  950
  15246
  2089
  13074
  5116
  9430
  9105
  5417
  12830
  2273
  15146
  961
  15344
  1883
  13364
  4767
  9810
  8715
  5781
  12513
  2512
  15003
  994
  15422
  1707
  13639
  4419
  10202
  8316
  6160
  12189
  2760
  14844
  1046
  15484
  1538
  13901
  4092
  10579
  7923
  6537
  11854
  3025
  14672
  1119
  15523
  1394
  14138
  3772
  10948
  7529
  6931
  11500
  3314
  14474
  1213
  15538
  1268
  14361
  3469
  11315
  7133
  7314
  11145
  3607
  14258
  1324
  15535
  1165
  14572
  3176
  11666
  6743
  7715
  10773
  3921
  14028
  1461
  15513
  1080
  14755
  2894
  12009
  6357
  8100
  10403
  4242
  13779
  1611
  15459
  1018
  14923
  2642
  12338
  5986
  8498
  10026
  4579
  13515
  1785
  15391
  974
  15074
  2391
  12659
  5614
  8893
  9638
  4926
  13236
  1981
  15301
  955
  15203
  2167
  12975
  5251
  9290
  9249
  5291
  12939
  2192
  15188
  956
  15312
  1954
  13264
  4892
  9673
  8857
  5648
  12630
  2418
  15058
  980
  15395
  1767
  13543
  4546
  10064
  8459
  6024
  12308
  2669
  14907
  1022
  15465
  1596
  13807
  4212
  10437
  8062
  6399
  11974
  2927
  14738
  1088
  15511
  1447
  14049
  3889
  10818
  7666
  6788
  11628
  3210
  14548
  1174
  15534
  1308
  14285
  3579
  11180
  7278
  7174
  11273
  3501
  14337
  1280
  15539
  1200
  14495
  3279
  11539
  6886
  7572
  10910
  3804
  14117
  1405
  15521
  1105
  14693
  2998
  11884
  6502
  7957
  10543
  4121
  13872
  1550
  15483
  1037
  14866
  2733
  12222
  6120
  8357
  10164
  4462
  13614
  1719
  15418
  989
  15023
  2485
  12543
  5745
  8751
  9777
  4796
  13334
  1907
  15338
  962
  15158
  2248
  12855
  5378
  9146
  9390
  5153
  13046
  2115
  15232
  957
  15275
  2032
  13157
  5019
  9534
  8996
  5513
  12744
  2333
  15107
  972
  15367
  1838
  13440
  4670
  9923
  8609
  5883
  12427
  2575
  14967
  1007
  15443
  1653
  13710
  4329
  10304
  8209
  6259
  12094
  2830
  14800
  1060
  15497
  1496
  13965
  4009
  10679
  7814
  6644
  11758
  3104
  14617
  1137
  15530
  1355
  14203
  3688
  11047
  7423
  7030
  11404
  3386
  14419
  1241
  15539
  1237
  14420
  3388
  11410
  7027
  7427
  11043
  3695
  14196
  1360
  15528
  1139
  14618
  3100
  11758
  6644
  7811
  10670
  4007
  13960
  1500
  15496
  1063
  14799
  2832
  12097
  6262
  8208
  10300
  4336
  13707
  1661
  15440
  1007
  14964
  2573
  12427
  5873
  8607
  9916
  4673
  13438
  1838
  15365
  962
  15114
  2333
  12747
  5513
  9000
  9532
  5024
  13155
  2036
  15272
  951
  15234
  2109
  13048
  5151
  9388
  9140
  5380
  12853
  2251
  15152
  961
  15337
  1906
  13340
  4797
  9779
  8749
  5750
  12542
  2489
  15019
  989
  15417
  1717
  13613
  4460
  10163
  8349
  6124
  12217
  2736
  14859
  1041
  15481
  1554
  13874
  4118
  10543
  7957
  6504
  11881
  3005
  14690
  1110
  15520
  1405
  14113
  3801
  10912
  7560
  6892
  11531
  3283
  14497
  1201
  15540
  1276
  14342
  3501
  11275
  7176
  7280
  11177
  3580
  14281
  1315
  15534
  1174
  14549
  3203
  11633
  6780
  7671
  10805
  3891
  14050
  1447
  15513
  1085
  14740
  2926
  11974
  6399
  8067
  10439
  4217
  13805
  1599
  15463
  1020
  14909
  2668
  12307
  6019
  8460
  10060
  4546
  13538
  1775
  15391
  982
  15059
  2421
  12632
  5650
  8856
  9674
  4894
  13262
  1963
  15309
  958
  15189
  2189
  12940
  5281
  9249
  9282
  5250
  12962
  2170
  15201
  953
  15302
  1978
  13234
  4927
  9641
  8890
  5616
  12658
  2399
  15071
  976
  15392
  1783
  13514
  4575
  10022
  8499
  5987
  12334
  2643
  14920
  1022
  15455
  1614
  13780
  4240
  10406
  8101
  6365
  12004
  2905
  14753
  1082
  15505
  1459
  14029
  3917
  10780
  7701
  6753
  11658
  3182
  14564
  1168
  15530
  1324
  14262
  3608
  11148
  7314
  7143
  11301
  3477
  14357
  1271
  15537
  1212
  14476
  3308
  11503
  6923
  7531
  10941
  3779
  14134
  1398
  15519
  1116
  14675
  3027
  11854
  6538
  7927
  10574
  4096
  13893
  1542
  15483
  1044
  14851
  2751
  12192
  6154
  8320
  10192
  4429
  13636
  1707
  15423
  992
  15013
  2504
  12521
  5779
  8721
  9814
  4770
  13363
  1890
  15342
  963
  15144
  2268
  12828
  5413
  9104
  9425
  5120
  13073
  2093
  15245
  953
  15263
  2055
  13132
  5053
  9497
  9035
  5486
  12774
  2314
  15120
  969
  15362
  1851
  13417
  4700
  9884
  8640
  5848
  12454
  2556
  14973
  1003
  15433
  1675
  13685
  4366
  10267
  8244
  6228
  12128
  2811
  14816
  1053
  15491
  1511
  13942
  4032
  10643
  7847
  6611
  11784
  3079
  14635
  1132
  15526
  1366
  14184
  3718
  11017
  7460
  6999
  11438
  3365
  14436
  1228
  15538
  1244
  14399
  3417
  11374
  7066
  7387
  11077
  3666
  14215
  1353
  15529
  1151
  14605
  3128
  11729
  6676
  7783
  10706
  3985
  13981
  1490
  15501
  1070
  14786
  2854
  12062
  6292
  8173
  10332
  4305
  13733
  1645
  15444
  1012
  14947
  2596
  12396
  5917
  8575
  9950
  4647
  13466
  1821
  15377
  968
  15093
  2352
  12716
  5545
  8960
  9560
  4991
  13180
  2018
  15283
  958
  15220
  2132
  13024
  5180
  9360
  9178
  5348
  12882
  2235
  15169
  959
  15328
  1919
  13314
  4824
  9746
  8781
  5715
  12568
  2461
  15033
  983
  15413
  1736
  13593
  4486
  10131
  8387
  6093
  12247
  2713
  14879
  1034
  15474
  1568
  13850
  4150
  10509
  7993
  6469
  11908
  2979
  14704
  1103
  15517
  1421
  14096
  3835
  10879
  7603
  6857
  11566
  3263
  14509
  1190
  15536
  1292
  14321
  3521
  11243
  7206
  7246
  11208
  3550
  14302
  1302
  15535
  1181
  14536
  3229
  11605
  6813
  7640
  10841
  3865
  14071
  1433
  15513
  1097
  14725
  2951
  11944
  6431
  8033
  10470
  4184
  13828
  1582
  15473
  1023
  14893
  2688
  12280
  6054
  8429
  10092
  4521
  13566
  1757
  15401
  982
  15048
  2438
  12606
  5680
  8819
  9710
  4859
  13287
  1945
  15316
  957
  15181
  2209
  12909
  5312
  9215
  9320
  5222
  12992
  2152
  15212
  953
  15293
  1994
  13207
  4957
  9607
  8926
  5581
  12686
  2375
  15081
  977
  15384
  1803
  13493
  4606
  9993
  8533
  5958
  12367
  2625
  14935
  1014
  15451
  1627
  13758
  4269
  10371
  8135
  6329
  12036
  2875
  14768
  1077
  15501
  1472
  14010
  3946
  10747
  7745
  6717
  11692
  3157
  14585
  1158
  15533
  1329
  14240
  3634
  11114
  7347
  7102
  11336
  3447
  14379
  1258
  15544
  1217
  14459
  3332
  11473
  6953
  7499
  10976
  3750
  14158
  1384
  15524
  1123
  14659
  3045
  11820
  6571
  7889
  10608
  4064
  13918
  1526
  15488
  1048
  14832
  2777
  12163
  6191
  8284
  10232
  4400
  13659
  1690
  15431
  996
  14999
  2524
  12489
  5810
  8675
  9847
  4736
  13389
  1870
  15352
  964
  15134
  2288
  12804
  5446
  9074
  9463
  5087
  13108
  2070
  15251
  950
  15254
  2070
  13104
  5086
  9461
  9067
  5449
  12798
  2292
  15131
  964
  15351
  1867
  13392
  4738
  9852
  8678
  5817
  12485
  2531
  14995
  999
  15429
  1689
  13661
  4392
  10235
  8277
  6194
  12153
  2787
  14830
  1053
  15487
  1525
  13917
  4063
  10613
  7882
  6577
  11816
  3057
  14651
  1129
  15522
  1385
  14156
  3744
  10984
  7488
  6962
  11467
  3338
  14453
  1224
  15542
  1260
  14381
  3440
  11346
  7102
  7354
  11111
  3639
  14240
  1335
  15532
  1152
  14583
  3148
  11697
  6708
  7748
  10742
  3951
  14004
  1469
  15502
  1074
  14771
  2878
  12038
  6327
  8144
  10368
  4276
  13756
  1628
  15453
  1016
  14935
  2621
  12366
  5952
  8537
  9984
  4614
  13493
  1804
  15379
  976
  15089
  2378
  12691
  5578
  8929
  9603
  4965
  13206
  1998
  15291
  954
  15213
  2147
  12994
  5212
  9323
  9208
  5318
  12909
  2214
  15174
  954
  15317
  1940
  13292
  4860
  9714
  8817
  5684
  12599
  2445
  15044
  983
  15406
  1752
  13563
  4511
  10096
  8421
  6061
  12274
  2690
  14892
  1027
  15472
  1585
  13827
  4179
  10478
  8027
  6437
  11944
  2954
  14720
  1096
  15512
  1432
  14075
  3858
  10843
  7634
  6821
  11596
  3232
  14529
  1185
  15533
  1301
  14302
  3550
  11214
  7239
  7213
  11239
  3532
  14320
  1295
  15533
  1190
  14515
  3254
  11568
  6848
  7602
  10876
  3836
  14090
  1424
  15516
  1106
  14707
  2975
  11919
  6469
  7999
  10505
  4156
  13851
  1572
  15476
  1033
  14878
  2710
  12250
  6086
  8390
  10126
  4489
  13586
  1738
  15409
  986
  15037
  2463
  12579
  5712
  8789
  9743
  4830
  13312
  1926
  15327
  959
  15170
  2232
  12883
  5344
  9178
  9353
  5191
  13017
  2132
  15217
  951
  15282
  2011
  13186
  4991
  9573
  8962
  5553
  12713
  2356
  15095
  972
  15376
  1818
  13470
  4635
  9958
  8565
  5922
  12394
  2596
  14949
  1008
  15447
  1641
  13736
  4304
  10340
  8170
  6301
  12064
  2858
  14785
  1069
  15501
  1482
  13988
  3973
  10710
  7777
  6681
  11723
  3132
  14597
  1150
  15531
  1345
  14222
  3660
  11085
  7384
  7071
  11367
  3425
  14395
  1254
  15537
  1226
  14440
  3359
  11438
  6991
  7459
  11009
  3724
  14173
  1371
  15525
  1131
  14640
  3075
  11793
  6606
  7857
  10638
  4038
  13940
  1514
  15491
  1055
  14821
  2801
  12128
  6222
  8250
  10261
  4369
  13687
  1672
  15435
  998
  14981
  2546
  12466
  5847
  8645
  9882
  4709
  13414
  1855
  15360
  962
  15122
  2311
  12776
  5479
  9040
  9494
  5058
  13126
  2052
  15259
  955
  15247
  2089
  13080
  5119
  9429
  9103
  5417
  12828
  2272
  15145
  966
  15342
  1886
  13368
  4762
  9817
  8708
  5786
  12512
  2511
  15003
  993
  15428
  1705
  13643
  4425
  10200
  8317
  6161
  12184
  2762
  14849
  1043
  15485
  1540
  13898
  4092
  10580
  7919
  6540
  11847
  3028
  14667
  1115
  15522
  1394
  14138
  3773
  10951
  7522
  6933
  11503
  3317
  14471
  1212
  15538
  1264
  14363
  3463
  11314
  7131
  7318
  11141
  3609
  14259
  1323
  15532
  1164
  14569
  3176
  11668
  6742
  7712
  10775
  3921
  14030
  1461
  15511
  1078
  14758
  2901
  12006
  6358
  8109
  10400
  4242
  13777
  1618
  15458
  1018
  14925
  2645
  12341
  5984
  8502
  10021
  4584
  13513
  1788
  15387
  975
  15071
  2395
  12661
  5609
  8892
  9634
  4928
  13231
  1982
  15298
  954
  15200
  2169
  12969
  5247
  9290
  9247
  5283
  12939
  2192
  15186
  959
  15312
  1957
  13267
  4888
  9675
  8849
  5653
  12623
  2419
  15059
  978
  15400
  1766
  13546
  4547
  10062
  8460
  6022
  12309
  2666
  14909
  1020
  15466
  1592
  13806
  4210
  10440
  8064
  6404
  11970
  2935
  14738
  1089
  15514
  1441
  14057
  3885
  10819
  7668
  6791
  11631
  3213
  14549
  1176
  15532
  1305
  14285
  3577
  11180
  7274
  7176
  11275
  3503
  14338
  1282
  15539
  1201
  14496
  3281
  11535
  6889
  7570
  10908
  3811
  14113
  1409
  15515
  1109
  14691
  2997
  11888
  6498
  7964
  10536
  4130
  13869
  1554
  15479
  1040
  14864
  2733
  12222
  6121
  8358
  10158
  4461
  13611
  1724
  15416
  989
  15022
  2482
  12545
  5745
  8753
  9774
  4805
  13333
  1909
  15336
  959
  15158
  2247
  12858
  5382
  9148
  9389
  5158
  13049
  2111
  15232
  949
  15277
  2031
  13160
  5014
  9536
  8991
  5520
  12740
  2336
  15106
  970
  15371
  1833
  13446
  4664
  9925
  8599
  5888
  12427
  2577
  14964
  1002
  15445
  1652
  13715
  4330
  10302
  8210
  6264
  12094
  2831
  14800
  1063
  15498
  1496
  13966
  4005
  10680
  7814
  6648
  11755
  3108
  14621
  1140
  15527
  1354
  14205
  3687
  11049
  7416
  7032
  11402
  3391
  14415
  1235
  15542
  1236
  14422
  3384
  11409
  7029
  7427
  11041
  3698
  14196
  1356
  15531
  1136
  14624
  3094
  11758
  6637
  7814
  10677
  4011
  13964
  1496
  15494
  1060
  14800
  2828
  12102
  6257
  8213
  10298
  4341
  13707
  1659
  15442
  1002
  14968
  2571
  12430
  5877
  8606
  9916
  4674
  13437
  1839
  15364
  962
  15114
  2331
  12749
  5510
  9003
  9533
  5027
  13152
  2041
  15272
  953
  15236
  2107
  13054
  5144
  9392
  9137
  5381
  12850
  2253
  15155
  960
  15336
  1906
  13341
  4795
  9781
  8746
  5750
  12536
  2488
  15017
  992
  15418
  1717
  13619
  4447
  10171
  8346
  6128
  12213
  2736
  14859
  1037
  15485
  1549
  13877
  4118
  10547
  7956
  6511
  11885
  3003
  14686
  1108
  15519
  1403
  14120
  3798
  10912
  7557
  6895
  11530
  3284
  14489
  1201
  15538
  1278
  14345
  3494
  11283
  7172
  7281
  11174
  3584
  14280
  1315
  15535
  1171
  14551
  3205
  11631
  6780
  7671
  10809
  3891
  14047
  1450
  15507
  1089
  14740
  2925
  11979
  6394
  8071
  10432
  4216
  13800
  1600
  15464
  1022
  14908
  2661
  12312
  6011
  8464
  10057
  4553
  13533
  1771
  15396
  977
  15063
  2412
  12634
  5645
  8863
  9670
  4902
  13260
  1966
  15308
  955
  15190
  2185
  12946
  5274
  9255
  9276
  5256
  12963
  2176
  15198
  954
  15304
  1976
  13241
  4921
  9641
  8891
  5617
  12658
  2399
  15074
  977
  15392
  1779
  13520
  4573
  10027
  8490
  5986
  12338
  2644
  14920
  1019
  15457
  1609
  13781
  4241
  10410
  8096
  6369
  12004
  2910
  14752
  1080
  15510
  1453
  14032
  3915
  10782
  7699
  6747
  11662
  3181
  14566
  1170
  15531
  1324
  14261
  3604
  11150
  7309
  7144
  11304
  3478
  14356
  1273
  15542
  1212
  14481
  3304
  11507
  6917
  7533
  10941
  3780
  14133
  1393
  15526
  1115
  14671
  3027
  11856
  6537
  7925
  10575
  4098
  13893
  1542
  15482
  1043
  14849
  2755
  12191
  6152
  8323
  10194
  4428
  13633
  1708
  15423
  991
  15011
  2502
  12521
  5779
  8718
  9813
  4772
  13363
  1888
  15344
  960
  15148
  2266
  12832
  5407
  9108
  9424
  5120
  13074
  2091
  15241
  952
  15264
  2051
  13132
  5051
  9504
  9030
  5486
  12771
  2318
  15120
  967
  15361
  1852
  13416
  4701
  9884
  8637
  5853
  12449
  2553
  14976
  1001
  15436
  1669
  13685
  4361
  10273
  8243
  6233
  12120
  2810
  14819
  1056
  15497
  1509
  13941
  4029
  10648
  7845
  6610
  11784
  3082
  14634
  1131
  15529
  1366
  14185
  3716
  11015
  7456
  7000
  11436
  3366
  14438
  1232
  15541
  1248
  14400
  3410
  11380
  7057
  7391
  11068
  3669
  14216
  1349
  15530
  1146
  14605
  3125
  11729
  6676
  7785
  10705
  3980
  13984
  1488
  15501
  1066
  14786
  2848
  12068
  6294
  8175
  10331
  4305
  13728
  1645
  15445
  1007
  14956
  2591
  12401
  5915
  8571
  9955
  4643
  13464
  1821
  15374
  970
  15095
  2352
  12721
  5541
  8968
  9556
  4995
  13177
  2022
  15280
  956
  15223
  2129
  13023
  5182
  9360
  9173
  5355
  12881
  2232
  15166
  959
  15329
  1922
  13314
  4823
  9747
  8781
  5720
  12568
  2464
  15030
  986
  15413
  1733
  13593
  4488
  10133
  8387
  6094
  12244
  2714
  14877
  1033
  15476
  1564
  13851
  4150
  10507
  7989
  6472
  11909
  2977
  14705
  1100
  15518
  1417
  14101
  3826
  10884
  7597
  6859
  11566
  3262
  14511
  1198
  15537
  1289
  14323
  3519
  11246
  7201
  7246
  11206
  3556
  14297
  1303
  15532
  1182
  14533
  3226
  11602
  6815
  7642
  10842
  3865
  14071
  1433
  15513
  1092
  14720
  2948
  11951
  6427
  8036
  10471
  4185
  13820
  1587
  15467
  1027
  14896
  2686
  12280
  6052
  8431
  10089
  4520
  13563
  1754
  15402
  983
  15049
  2441
  12602
  5678
  8821
  9704
  4868
  13285
  1945
  15317
  958
  15185
  2207
  12919
  5310
  9219
  9316
  5223
  12991
  2160
  15208
  958
  15290
  1996
  13214
  4952
  9607
  8922
  5585
  12684
  2376
  15081
  977
  15383
  1798
  13497
  4608
  9999
  8527
  5958
  12363
  2624
  14936
  1015
  15455
  1625
  13757
  4268
  10372
  8131
  6332
  12027
  2882
  14764
  1077
  15501
  1471
  14008
  3949
  10751
  7740
  6720
  11692
  3162
  14581
  1156
  15532
  1331
  14245
  3632
  11113
  7345
  7105
  11333
  3449
  14376
  1264
  15537
  1218
  14459
  3334
  11480
  6959
  7498
  10976
  3751
  14156
  1384
  15523
  1122
  14659
  3047
  11823
  6565
  7889
  10608
  4067
  13910
  1528
  15489
  1050
  14835
  2779
  12163
  6191
  8284
  10227
  4400
  13659
  1693
  15429
  998
  14997
  2523
  12488
  5808
  8678
  9843
  4741
  13388
  1873
  15351
  963
  15136
  2287
  12808
  5440
  9076
  9459
  5087
  13104
  2073
  15251
  957
  15251
  2070
  13105
  5080
  9462
  9067
  5450
  12798
  2295
  15132
  966
  15354
  1867
  13393
  4728
  9857
  8672
  5822
  12483
  2534
  14992
  1000
  15430
  1687
  13662
  4390
  10236
  8275
  6194
  12153
  2786
  14830
  1052
  15490
  1522
  13925
  4056
  10613
  7880
  6582
  11816
  3057
  14651
  1126
  15525
  1380
  14165
  3741
  10980
  7488
  6965
  11468
  3341
  14460
  1217
  15538
  1256
  14387
  3440
  11349
  7095
  7353
  11107
  3642
  14239
  1341
  15530
  1152
  14585
  3148
  11697
  6706
  7750
  10737
  3953
  14002
  1476
  15503
  1073
  14771
  2874
  12042
  6323
  8146
  10367
  4277
  13753
  1630
  15453
  1012
  14938
  2614
  12375
  5942
  8540
  9984
  4616
  13483
  1805
  15383
  973
  15091
  2370
  12692
  5576
  8934
  9597
  4965
  13204
  2004
  15293
  954
  15211
  2143
  12997
  5209
  9325
  9208
  5319
  12907
  2213
  15178
  959
  15318
  1943
  13291
  4857
  9718
  8815
  5686
  12598
  2447
  15043
  981
  15409
  1748
  13567
  4514
  10098
  8421
  6062
  12273
  2693
  14888
  1030
  15471
  1582
  13832
  4178
  10481
  8027
  6441
  11938
  2958
  14717
  1095
  15512
  1431
  14074
  3856
  10848
  7631
  6826
  11594
  3235
  14530
  1182
  15536
  1298
  14306
  3549
  11217
  7239
  7216
  11241
  3530
  14322
  1293
  15538
  1189
  14516
  3253
  11572
  6848
  7602
  10875
  3832
  14091
  1416
  15518
  1103
  14708
  2974
  11919
  6465
  8002
  10505
  4160
  13841
  1572
  15475
  1031
  14883
  2705
  12255
  6076
  8398
  10124
  4489
  13584
  1739
  15406
  984
  15037
  2460
  12579
  5708
  8789
  9741
  4838
  13309
  1928
  15323
  956
  15169
  2225
  12890
  5338
  9186
  9350
  5187
  13016
  2134
  15222
  952
  15286
  2009
  13188
  4983
  9576
  8952
  5557
  12715
  2361
  15096
  970
  15378
  1815
  13470
  4633
  9958
  8563
  5926
  12390
  2603
  14948
  1008
  15450
  1637
  13742
  4295
  10344
  8170
  6299
  12062
  2858
  14790
  1066
  15503
  1483
  13988
  3970
  10714
  7772
  6682
  11722
  3129
  14601
  1148
  15533
  1341
  14226
  3660
  11085
  7383
  7071
  11372
  3421
  14396
  1253
  15541
  1225
  14442
  3354
  11443
  6988
  7467
  11006
  3723
  14177
  1372
  15527
  1129
  14643
  3073
  11792
  6604
  7856
  10640
  4040
  13937
  1515
  15493
  1055
  14821
  2801
  12131
  6221
  8246
  10260
  4372
  13683
  1674
  15436
  998
  14981
  2546
  12467
  5843
  8652
  9880
  4710
  13410
  1858
  15359
  964
  15125
  2309
  12776
  5472
  9043
  9494
  5056
  13124
  2058
  15258
  956
  15244
  2090
  13081
  5117
  9435
  9096
  5423
  12820
  2277
  15138
  968
  15346
  1882
  13366
  4759
  9819
  8705
  5789
  12509
  2508
  15006
  993
  15426
  1701
  13642
  4424
  10203
  8314
  6164
  12183
  2766
  14843
  1046
  15489
  1536
  13901
  4084
  10579
  7918
  6548
  11842
  3030
  14670
  1117
  15523
  1392
  14144
  3770
  10956
  7520
  6934
  11497
  3313
  14473
  1215
  15539
  1268
  14362
  3464
  11310
  7129
  7322
  11138
  3611
  14258
  1328
  15529
  1167
  14570
  3174
  11669
  6743
  7720
  10772
  3925
  14027
  1462
  15508
  1077
  14759
  2894
  12010
  6358
  8109
  10396
  4249
  13774
  1621
  15453
  1021
  14920
  2639
  12341
  5977
  8507
  10013
  4592
  13513
  1792
  15390
  975
  15078
  2388
  12665
  5604
  8899
  9632
  4930
  13231
  1984
  15299
  958
  15203
  2165
  12973
  5246
  9294
  9248
  5291
  12934
  2197
  15185
  960
  15311
  1960
  13263
  4888
  9681
  8847
  5652
  12624
  2421
  15056
  979
  15399
  1766
  13550
  4541
  10063
  8458
  6034
  12302
  2674
  14908
  1023
  15472
  1591
  13810
  4204
  10446
  8063
  6405
  11973
  2934
  14738
  1087
  15511
  1444
  14055
  3887
  10816
  7664
  6792
  11625
  3209
  14549
  1178
  15533
  1311
  14284
  3576
  11185
  7272
  7176
  11268
  3501
  14338
  1284
  15537
  1199
  14500
  3281
  11543
  6886
  7571
  10908
  3806
  14111
  1409
  15520
  1111
  14691
  2994
  11883
  6497
  7964
  10537
  4127
  13871
  1554
  15480
  1036
  14868
  2733
  12220
  6118
  8361
  10160
  4464
  13609
  1726
  15416
  988
  15022
  2477
  12552
  5742
  8757
  9773
  4803
  13331
  1914
  15331
  961
  15161
  2247
  12860
  5378
  9149
  9384
  5159
  13046
  2117
  15230
  953
  15273
  2028
  13161
  5017
  9535
  8994
  5522
  12738
  2336
  15104
  971
  15370
  1834
  13445
  4669
  9928
  8604
  5890
  12423
  2579
  14964
  1006
  15444
  1651
  13712
  4325
  10307
  8207
  6266
  12093
  2834
  14801
  1061
  15499
  1493
  13971
  4002
  10685
  7809
  6651
  11754
  3110
  14616
  1143
  15529
  1353
  14207
  3688
  11046
  7416
  7034
  11400
  3396
  14414
  1240
  15536
  1238
  14425
  3385
  11410
  7025
  7432
  11041
  3696
  14199
  1357
  15529
  1135
  14625
  3095
  11760
  6640
  7817
  10673
  4015
  13961
  1498
  15497
  1066
  14804
  2825
  12105
  6259
  8220
  10297
  4337
  13707
  1658
  15441
  1000
  14965
  2570
  12429
  5878
  8611
  9913
  4673
  13436
  1841
  15368
  966
  15110
  2329
  12750
  5508
  9004
  9529
  5031
  13151
  2040
  15272
  951
  15232
  2104
  13053
  5142
  9394
  9136
  5388
  12850
  2255
  15156
  963
  15340
  1902
  13343
  4793
  9786
  8744
  5757
  12541
  2489
  15017
  992
  15416
  1719
  13617
  4447
  10169
  8346
  6130
  12212
  2737
  14866
  1038
  15480
  1551
  13877
  4118
  10551
  7955
  6511
  11875
  3010
  14685
  1110
  15518
  1404
  14120
  3798
  10913
  7555
  6897
  11527
  3289
  14489
  1201
  15541
  1276
  14346
  3490
  11285
  7167
  7283
  11173
  3587
  14280
  1316
  15536
  1168
  14556
  3200
  11636
  6772
  7678
  10806
  3893
  14049
  1446
  15513
  1084
  14744
  2921
  11987
  6395
  8077
  10431
  4218
  13801
  1601
  15466
  1022
  14910
  2659
  12314
  6016
  8468
  10052
  4553
  13537
  1774
  15393
  981
  15058
  2420
  12635
  5642
  8864
  9674
  4900
  13258
  1965
  15310
  958
  15191
  2182
  12947
  5275
  9254
  9273
  5256
  12962
  2175
  15194
  956
  15304
  1977
  13243
  4920
  9644
  8886
  5621
  12653
  2401
  15070
  977
  15392
  1779
  13520
  4573
  10030
  8493
  5989
  12333
  2645
  14919
  1020
  15464
  1613
  13782
  4237
  10412
  8100
  6375
  11999
  2914
  14750
  1086
  15510
  1455
  14035
  3914
  10782
  7699
  6756
  11657
  3182
  14566
  1164
  15537
  1321
  14266
  3604
  11151
  7314
  7144
  11302
  3479
  14355
  1274
  15538
  1209
  14478
  3305
  11511
  6918
  7536
  10939
  3780
  14132
  1397
  15522
  1114
  14676
  3021
  11859
  6533
  7932
  10574
  4105
  13889
  1544
  15483
  1045
  14852
  2752
  12195
  6148
  8326
  10193
  4429
  13631
  1709
  15422
  994
  15008
  2504
  12523
  5777
  8722
  9806
  4776
  13361
  1893
  15341
  959
  15147
  2264
  12834
  5403
  9110
  9418
  5126
  13071
  2094
  15240
  953
  15266
  2048
  13133
  5049
  9506
  9032
  5488
  12768
  2320
  15119
  967
  15357
  1852
  13418
  4697
  9886
  8635
  5853
  12451
  2557
  14972
  1003
  15435
  1674
  13688
  4357
  10271
  8244
  6229
  12120
  2813
  14814
  1061
  15492
  1508
  13941
  4029
  10648
  7839
  6616
  11783
  3083
  14633
  1134
  15529
  1365
  14184
  3715
  11020
  7451
  7005
  11433
  3366
  14440
  1231
  15539
  1245
  14404
  3409
  11378
  7059
  7390
  11072
  3666
  14213
  1348
  15528
  1143
  14607
  3123
  11729
  6673
  7787
  10704
  3986
  13985
  1487
  15504
  1065
  14792
  2846
  12069
  6288
  8176
  10330
  4306
  13728
  1647
  15445
  1008
  14953
  2592
  12402
  5910
  8579
  9943
  4652
  13460
  1824
  15376
  970
  15101
  2347
  12720
  5538
  8970
  9557
  4996
  13176
  2020
  15276
  954
  15224
  2125
  13031
  5175
  9361
  9173
  5354
  12881
  2233
  15166
  960
  15326
  1923
  13320
  4822
  9747
  8776
  5716
  12566
  2467
  15033
  984
  15412
  1733
  13591
  4483
  10137
  8386
  6096
  12244
  2720
  14876
  1035
  15478
  1563
  13854
  4147
  10511
  7987
  6475
  11903
  2983
  14702
  1105
  15518
  1416
  14101
  3827
  10885
  7597
  6862
  11562
  3260
  14515
  1192
  15540
  1287
  14321
  3519
  11251
  7199
  7250
  11202
  3558
  14297
  1306
  15534
  1181
  14535
  3225
  11606
  6811
  7645
  10838
  3871
  14066
  1441
  15513
  1098
  14725
  2947
  11953
  6424
  8038
  10467
  4192
  13819
  1590
  15466
  1027
  14897
  2681
  12285
  6043
  8435
  10088
  4530
  13562
  1756
  15403
  980
  15049
  2432
  12610
  5671
  8823
  9700
  4872
  13278
  1947
  15316
  953
  15182
  2205
  12917
  5311
  9218
  9317
  5227
  12993
  2154
  15210
  955
  15295
  1993
  13213
  4949
  9616
  8914
  5588
  12680
  2380
  15085
  975
  15381
  1800
  13497
  4608
  9997
  8526
  5964
  12364
  2627
  14932
  1017
  15451
  1620
  13765
  4266
  10376
  8133
  6333
  12031
  2882
  14769
  1075
  15506
  1467
  14017
  3943
  10752
  7736
  6723
  11691
  3159
  14584
  1159
  15531
  1331
  14244
  3630
  11117
  7341
  7110
  11331
  3450
  14374
  1262
  15540
  1214
  14464
  3328
  11476
  6955
  7504
  10974
  3753
  14155
  1384
  15524
  1122
  14657
  3046
  11828
  6566
  7891
  10606
  4068
  13913
  1528
  15486
  1046
  14834
  2776
  12165
  6185
  8287
  10224
  4400
  13661
  1690
  15428
  993
  15000
  2519
  12494
  5808
  8682
  9842
  4742
  13387
  1871
  15348
  964
  15136
  2290
  12806
  5445
  9078
  9457
  5095
  13096
  2076
  15250
  954
  15253
  2068
  13108
  5082
  9468
  9060
  5455
  12796
  2298
  15130
  964
  15356
  1869
  13396
  4727
  9856
  8669
  5826
  12479
  2539
  14990
  1000
  15428
  1684
  13664
  4382
  10237
  8275
  6198
  12149
  2791
  14828
  1051
  15486
  1522
  13925
  4056
  10614
  7881
  6583
  11812
  3061
  14649
  1127
  15524
  1373
  14167
  3738
  10987
  7483
  6965
  11460
  3344
  14452
  1223
  15539
  1255
  14387
  3438
  11347
  7091
  7360
  11104
  3646
  14232
  1342
  15528
  1158
  14589
  3146
  11698
  6701
  7751
  10737
  3953
  14004
  1474
  15504
  1074
  14776
  2874
  12040
  6323
  8146
  10365
  4282
  13750
  1633
  15453
  1012
  14937
  2611
  12370
  5941
  8538
  9986
  4615
  13483
  1806
  15379
  976
  15085
  2373
  12691
  5575
  8934
  9597
  4963
  13206
  2005
  15288
  957
  15214
  2146
  13000
  5212
  9327
  9205
  5321
  12904
  2218
  15176
  961
  15318
  1938
  13295
  4854
  9717
  8812
  5693
  12595
  2451
  15045
  985
  15405
  1746
  13570
  4510
  10099
  8413
  6064
  12272
  2694
  14887
  1029
  15464
  1581
  13833
  4177
  10480
  8024
  6441
  11937
  2961
  14716
  1100
  15514
  1429
  14075
  3854
  10851
  7630
  6820
  11586
  3237
  14525
  1181
  15537
  1299
  14304
  3549
  11218
  7238
  7217
  11241
  3533
  14317
  1296
  15536
  1189
  14517
  3247
  11574
  6838
  7613
  10868
  3840
  14087
  1425
  15513
  1101
  14707
  2970
  11922
  6461
  8001
  10502
  4163
  13842
  1574
  15470
  1031
  14880
  2705
  12254
  6079
  8399
  10115
  4496
  13582
  1743
  15407
  983
  15041
  2455
  12583
  5708
  8790
  9734
  4840
  13305
  1931
  15324
  961
  15169
  2227
  12892
  5334
  9184
  9347
  5191
  13013
  2137
  15217
  958
  15283
  2014
  13189
  4985
  9574
  8956
  5556
  12710
  2360
  15092
  974
  15377
  1818
  13465
  4636
  9963
  8564
  5928
  12387
  2604
  14945
  1014
  15448
  1642
  13740
  4298
  10342
  8170
  6308
  12061
  2861
  14782
  1072
  15503
  1482
  13987
  3970
  10714
  7770
  6685
  11719
  3134
  14596
  1149
  15528
  1347
  14224
  3659
  11085
  7378
  7079
  11367
  3424
  14394
  1251
  15538
  1223
  14444
  3352
  11448
  6988
  7463
  11006
  3727
  14173
  1372
  15526
  1129
  14644
  3073
  11796
  6601
  7858
  10637
  4043
  13935
  1517
  15494
  1052
  14827
  2800
  12135
  6218
  8252
  10258
  4368
  13682
  1675
  15435
  1000
  14979
  2545
  12463
  5842
  8646
  9877
  4713
  13410
  1856
  15357
  966
  15126
  2309
  12778
  5471
  9042
  9492
  5060
  13123
  2059
  15258
  954
  15245
  2089
  13083
  5114
  9434
  9098
  5423
  12822
  2279
  15137
  965
  15344
  1886
  13367
  4756
  9820
  8707
  5787
  12505
  2511
  15001
  995
  15423
  1702
  13643
  4419
  10206
  8313
  6165
  12186
  2767
  14845
  1046
  15484
  1538
  13902
  4084
  10581
  7914
  6544
  11843
  3031
  14664
  1119
  15522
  1395
  14141
  3772
  10954
  7527
  6934
  11501
  3315
  14472
  1212
  15539
  1267
  14363
  3464
  11316
  7126
  7321
  11138
  3614
  14257
  1324
  15534
  1161
  14573
  3171
  11670
  6742
  7716
  10774
  3923
  14029
  1461
  15507
  1079
  14762
  2894
  12010
  6356
  8111
  10399
  4245
  13776
  1613
  15459
  1015
  14928
  2635
  12346
  5976
  8507
  10021
  4588
  13511
  1791
  15391
  976
  15076
  2392
  12666
  5605
  8902
  9630
  4932
  13231
  1987
  15297
  955
  15205
  2164
  12977
  5241
  9294
  9238
  5293
  12938
  2195
  15188
  954
  15312
  1953
  13269
  4881
  9681
  8848
  5655
  12622
  2426
  15057
  979
  15399
  1763
  13549
  4540
  10069
  8455
  6031
  12303
  2674
  14905
  1024
  15466
  1592
  13809
  4206
  10445
  8057
  6405
  11971
  2933
  14736
  1085
  15513
  1444
  14057
  3886
  10819
  7668
  6791
  11623
  3214
  14547
  1172
  15534
  1307
  14284
  3572
  11181
  7269
  7178
  11270
  3507
  14334
  1284
  15537
  1199
  14501
  3274
  11545
  6882
  7573
  10904
  3814
  14112
  1410
  15518
  1104
  14694
  2995
  11890
  6495
  7964
  10535
  4131
  13867
  1560
  15480
  1038
  14868
  2731
  12226
  6115
  8361
  10156
  4461
  13609
  1729
  15411
  992
  15024
  2478
  12548
  5741
  8754
  9772
  4802
  13332
  1912
  15335
  963
  15159
  2247
  12862
  5372
  9151
  9382
  5162
  13044
  2116
  15231
  951
  15276
  2029
  13162
  5015
  9540
  8989
  5520
  12737
  2337
  15107
  970
  15370
  1836
  13446
  4664
  9929
  8602
  5894
  12421
  2579
  14964
  1005
  15444
  1653
  13715
  4323
  10310
  8201
  6268
  12091
  2836
  14797
  1063
  15499
  1492
  13970
  3997
  10686
  7804
  6654
  11748
  3110
  14615
  1141
  15531
  1350
  14206
  3680
  11051
  7414
  7039
  11397
  3397
  14413
  1239
  15541
  1234
  14424
  3379
  11418
  7024
  7433
  11038
  3696
  14195
  1358
  15528
  1138
  14624
  3095
  11760
  6637
  7819
  10671
  4012
  13961
  1504
  15498
  1060
  14809
  2824
  12106
  6249
  8218
  10293
  4339
  13705
  1661
  15439
  1002
  14967
  2571
  12432
  5875
  8613
  9913
  4679
  13432
  1837
  15365
  967
  15116
  2326
  12753
  5502
  9011
  9525
  5034
  13149
  2039
  15273
  951
  15237
  2105
  13056
  5143
  9399
  9130
  5390
  12850
  2255
  15156
  961
  15336
  1901
  13348
  4792
  9786
  8747
  5756
  12541
  2490
  15018
  991
  15418
  1714
  13620
  4446
  10169
  8345
  6127
  12210
  2739
  14861
  1039
  15481
  1552
  13878
  4115
  10549
  7950
  6512
  11876
  3006
  14685
  1109
  15524
  1399
  14122
  3792
  10919
  7553
  6898
  11526
  3288
  14489
  1200
  15539
  1276
  14349
  3489
  11286
  7165
  7291
  11171
  3590
  14277
  1313
  15535
  1170
  14557
  3193
  11637
  6771
  7678
  10803
  3894
  14048
  1448
  15513
  1085
  14739
  2922
  11984
  6394
  8077
  10434
  4220
  13800
  1604
  15463
  1020
  14911
  2657
  12315
  6010
  8470
  10045
  4556
  13534
  1772
  15396
  979
  15064
  2409
  12637
  5638
  8864
  9667
  4902
  13259
  1964
  15309
  957
  15194
  2182
  12948
  5271
  9256
  9277
  5256
  12959
  2174
  15198
  955
  15305
  1974
  13243
  4919
  9646
  8884
  5623
  12656
  2405
  15066
  980
  15393
  1781
  13525
  4568
  10030
  8487
  5991
  12332
  2644
  14921
  1014
  15461
  1611
  13787
  4235
  10410
  8097
  6370
  12004
  2908
  14752
  1082
  15509
  1455
  14036
  3912
  10784
  7697
  6755
  11658
  3183
  14565
  1166
  15537
  1319
  14266
  3602
  11154
  7308
  7149
  11301
  3475
  14357
  1275
  15538
  1207
  14482
  3298
  11515
  6910
  7540
  10936
  3785
  14136
  1399
  15524
  1110
  14679
  3019
  11860
  6531
  7929
  10574
  4105
  13892
  1546
  15483
  1043
  14854
  2752
  12196
  6145
  8333
  10185
  4432
  13631
  1710
  15421
  990
  15013
  2500
  12527
  5772
  8724
  9806
  4777
  13357
  1894
  15344
  961
  15150
  2268
  12831
  5405
  9112
  9419
  5127
  13069
  2099
  15241
  954
  15266
  2048
  13139
  5043
  9508
  9025
  5494
  12767
  2316
  15121
  967
  15367
  1848
  13421
  4695
  9891
  8633
  5858
  12448
  2554
  14976
  1000
  15440
  1669
  13695
  4356
  10276
  8239
  6235
  12121
  2812
  14816
  1056
  15496
  1506
  13945
  4027
  10650
  7838
  6614
  11778
  3085
  14634
  1135
  15526
  1365
  14187
  3710
  11020
  7451
  7007
  11433
  3367
  14435
  1234
  15539
  1244
  14403
  3406
  11379
  7056
  7395
  11065
  3672
  14215
  1348
  15528
  1142
  14608
  3121
  11734
  6672
  7789
  10705
  3985
  13979
  1491
  15502
  1066
  14794
  2843
  12074
  6281
  8182
  10323
  4310
  13727
  1646
  15448
  1008
  14956
  2588
  12406
  5907
  8578
  9947
  4652
  13463
  1826
  15376
  970
  15104
  2346
  12724
  5536
  8973
  9556
  4997
  13175
  2022
  15280
  954
  15221
  2123
  13033
  5172
  9366
  9168
  5355
  12874
  2239
  15164
  956
  15328
  1918
  13319
  4818
  9757
  8773
  5721
  12563
  2468
  15030
  983
  15413
  1730
  13600
  4478
  10141
  8379
  6099
  12243
  2719
  14878
  1033
  15475
  1562
  13853
  4140
  10518
  7982
  6479
  11906
  2981
  14701
  1103
  15516
  1417
  14102
  3824
  10887
  7590
  6866
  11558
  3264
  14511
  1193
  15541
  1284
  14329
  3517
  11251
  7196
  7250
  11199
  3561
  14292
  1306
  15531
  1183
  14537
  3226
  11607
  6807
  7648
  10833
  3875
  14066
  1433
  15512
  1093
  14726
  2942
  11951
  6424
  8035
  10464
  4188
  13818
  1589
  15466
  1022
  14896
  2680
  12287
  6041
  8437
  10084
  4532
  13558
  1760
  15401
  984
  15051
  2435
  12609
  5670
  8831
  9698
  4870
  13274
  1949
  15316
  956
  15182
  2201
  12919
  5306
  9223
  9313
  5226
  12986
  2154
  15213
  954
  15295
  1990
  13213
  4946
  9614
  8914
  5591
  12676
  2384
  15080
  974
  15387
  1797
  13498
  4604
  9997
  8529
  5961
  12364
  2629
  14934
  1017
  15454
  1620
  13763
  4264
  10377
  8131
  6335
  12031
  2884
  14766
  1078
  15505
  1468
  14012
  3939
  10756
  7737
  6728
  11685
  3162
  14581
  1158
  15535
  1331
  14244
  3632
  11119
  7341
  7111
  11334
  3450
  14370
  1263
  15539
  1218
  14464
  3326
  11482
  6952
  7507
  10975
  3755
  14155
  1386
  15529
  1121
  14660
  3042
  11826
  6564
  7896
  10601
  4075
  13910
  1531
  15487
  1047
  14840
  2777
  12166
  6187
  8293
  10224
  4401
  13656
  1692
  15431
  995
  14997
  2524
  12493
  5805
  8687
  9837
  4745
  13381
  1876
  15346
  961
  15138
  2285
  12810
  5436
  9083
  9455
  5096
  13096
  2076
  15251
  951
  15256
  2068
  13110
  5075
  9472
  9062
  5453
  12796
  2296
  15129
  967
  15352
  1865
  13395
  4727
  9860
  8664
  5825
  12480
  2539
  14988
  1001
  15430
  1686
  13668
  4384
  10239
  8273
  6200
  12151
  2790
  14827
  1051
  15486
  1523
  13926
  4056
  10620
  7878
  6583
  11810
  3058
  14649
  1129
  15523
  1377
  14166
  3736
  10989
  7484
  6969
  11461
  3342
  14455
  1224
  15538
  1255
  14388
  3433
  11352
  7096
  7360
  11106
  3647
  14236
  1337
  15532
  1153
  14589
  3142
  11704
  6700
  7752
  10737
  3956
  14003
  1477
  15500
  1075
  14775
  2870
  12045
  6321
  8149
  10361
  4283
  13750
  1638
  15451
  1009
  14941
  2610
  12372
  5940
