[SIGNAL]
nbits = 12
rate = 1110
data = 0
    501
    995
    1474
    1931
    2359
    2751
    3102
    3406
    3659
    3857
    3996
    4076
    4095
    4052
    3948
    3784
    3564
    3290
    2967
    2598
    2191
    1751
    1285
    799
    301
    -200
    -699
    -1188
    -1659
    -2105
    -2519
    -2895
    -3228
    -3512
    -3744
    -3919
    -4035
    -4090
    -4084
    -4016
    -3888
    -3702
    -3460
    -3165
    -2823
    -2439
    -2018
    -1566
    -1091
    -600
    -100
    401
    897
    1380
    1842
    2276
    2675
    3035
    3349
    3612
    3822
    3973
    4065
    4096
    4065
    3973
    3822
    3612
    3349
    3035
    2675
    2276
    1842
    1380
    897
    401
    -100
    -600
    -1091
    -1566
    -2018
    -2439
    -2823
    -3165
    -3460
    -3702
    -3888
    -4016
    -4084
    -4090
    -4035
    -3919
    -3744
    -3512
    -3228
    -2895
    -2519
    -2105
    -1659
    -1188
    -699
    -200
    301
    799
    1285
    1751
    2191
    2598
    2967
    3290
    3564
    3784
    3948
    4052
    4095
    4076
    3996
    3857
    3659
    3406
    3102
    2751
    2359
    1931
    1474
    995
    501
    0
    -500
    -994
    -1473
    -1930
    -2358
    -2750
    -3101
    -3405
    -3658
    -3856
    -3995
    -4075
    -4094
    -4051
    -3947
    -3783
    -3563
    -3289
    -2966
    -2597
    -2190
    -1750
    -1284
    -798
    -300
    201
    700
    1189
    1660
    2106
    2520
    2896
    3229
    3513
    3745
    3920
    4036
    4091
    4085
    4017
    3889
    3703
    3461
    3166
    2824
    2440
    2019
    1567
    1092
    601
    101
    -400
    -896
    -1379
    -1841
    -2275
    -2674
    -3034
    -3348
    -3611
    -3821
    -3972
    -4064
    -4095
    -4064
    -3972
    -3821
    -3611
    -3348
    -3034
    -2674
    -2275
    -1841
    -1379
    -896
    -400
    101
    601
    1092
    1567
    2019
    2440
    2824
    3166
    3461
    3703
    3889
    4017
    4085
    4091
    4036
    3920
    3745
    3513
    3229
    2896
    2520
    2106
    1660
    1189
    700
    201
    -300
    -798
    -1284
    -1750
    -2190
    -2597
    -2966
    -3289
    -3563
    -3783
    -3947
    -4051
    -4094
    -4075
    -3995
    -3856
    -3658
    -3405
    -3101
    -2750
    -2358
    -1930
    -1473
    -994
    -500
    0
    501
    995
    1474
    1931
    2359
    2751
    3102
    3406
    3659
    3857
    3996
    4076
    4095
    4052
    3948
    3784
    3564
    3290
    2967
    2598
    2191
    1751
    1285
    799
    301
    -200
    -699
    -1188
    -1659
    -2105
    -2519
    -2895
    -3228
    -3512
    -3744
    -3919
    -4035
    -4090
    -4084
    -4016
    -3888
    -3702
    -3460
    -3165
    -2823
    -2439
    -2018
    -1566
    -1091
    -600
    -100
    401
    897
    1380
    1842
    2276
    2675
    3035
    3349
    3612
    3822
    3973
    4065
    4096
    4065
    3973
    3822
    3612
    3349
    3035
    2675
    2276
    1842
    1380
    897
    401
    -100
    -600
    -1091
    -1566
    -2018
    -2439
    -2823
    -3165
    -3460
    -3702
    -3888
    -4016
    -4084
    -4090
    -4035
    -3919
    -3744
    -3512
    -3228
    -2895
    -2519
    -2105
    -1659
    -1188
    -699
    -200
    301
    799
    1285
    1751
    2191
    2598
    2967
    3290
    3564
    3784
    3948
    4052
    4095
    4076
    3996
    3857
    3659
    3406
    3102
    2751
    2359
    1931
    1474
    995
    501
    0
    -500
    -994
    -1473
    -1930
    -2358
    -2750
    -3101
    -3405
    -3658
    -3856
    -3995
    -4075
    -4094
    -4051
    -3947
    -3783
    -3563
    -3289
    -2966
    -2597
    -2190
    -1750
    -1284
    -798
    -300
    201
    700
    1189
    1660
    2106
    2520
    2896
    3229
    3513
    3745
    3920
    4036
    4091
    4085
    4017
    3889
    3703
    3461
    3166
    2824
    2440
    2019
    1567
    1092
    601
    101
    -400
    -896
    -1379
    -1841
    -2275
    -2674
    -3034
    -3348
    -3611
    -3821
    -3972
    -4064
    -4095
    -4064
    -3972
    -3821
    -3611
    -3348
    -3034
    -2674
    -2275
    -1841
    -1379
    -896
    -400
    101
    601
    1092
    1567
    2019
    2440
    2824
    3166
    3461
    3703
    3889
    4017
    4085
    4091
    4036
    3920
    3745
    3513
    3229
    2896
    2520
    2106
    1660
    1189
    700
    201
    -300
    -798
    -1284
    -1750
    -2190
    -2597
    -2966
    -3289
    -3563
    -3783
    -3947
    -4051
    -4094
    -4075
    -3995
    -3856
    -3658
    -3405
    -3101
    -2750
    -2358
    -1930
    -1473
    -994
    -500
    0
    501
    995
    1474
    1931
    2359
    2751
    3102
    3406
    3659
    3857
    3996
    4076
    4095
    4052
    3948
    3784
    3564
    3290
    2967
    2598
    2191
    1751
    1285
    799
    301
    -200
    -699
    -1188
    -1659
    -2105
    -2519
    -2895
    -3228
    -3512
    -3744
    -3919
    -4035
    -4090
    -4084
    -4016
    -3888
    -3702
    -3460
    -3165
    -2823
    -2439
    -2018
    -1566
    -1091
    -600
    -100
    401
    897
    1380
    1842
    2276
    2675
    3035
    3349
    3612
    3822
    3973
    4065
    4096
    4065
    3973
    3822
    3612
    3349
    3035
    2675
    2276
    1842
    1380
    897
    401
    -100
    -600
    -1091
    -1566
    -2018
    -2439
    -2823
    -3165
    -3460
    -3702
    -3888
    -4016
    -4084
    -4090
    -4035
    -3919
    -3744
    -3512
    -3228
    -2895
    -2519
    -2105
    -1659
    -1188
    -699
    -200
    301
    799
    1285
    1751
    2191
    2598
    2967
    3290
    3564
    3784
    3948
    4052
    4095
    4076
    3996
    3857
    3659
    3406
    3102
    2751
    2359
    1931
    1474
    995
    501
    0
    -500
    -994
    -1473
    -1930
    -2358
    -2750
    -3101
    -3405
    -3658
    -3856
    -3995
    -4075
    -4094
    -4051
    -3947
    -3783
    -3563
    -3289
    -2966
    -2597
    -2190
    -1750
    -1284
    -798
    -300
    201
    700
    1189
    1660
    2106
    2520
    2896
    3229
    3513
    3745
    3920
    4036
    4091
    4085
    4017
    3889
    3703
    3461
    3166
    2824
    2440
    2019
    1567
    1092
    601
    101
    -400
    -896
    -1379
    -1841
    -2275
    -2674
    -3034
    -3348
    -3611
    -3821
    -3972
    -4064
    -4095
    -4064
    -3972
    -3821
    -3611
    -3348
    -3034
    -2674
    -2275
    -1841
    -1379
    -896
    -400
    101
    601
    1092
    1567
    2019
    2440
    2824
    3166
    3461
    3703
    3889
    4017
    4085
    4091
    4036
    3920
    3745
    3513
    3229
    2896
    2520
    2106
    1660
    1189
    700
    201
    -300
    -798
    -1284
    -1750
    -2190
    -2597
    -2966
    -3289
    -3563
    -3783
    -3947
    -4051
    -4094
    -4075
    -3995
    -3856
    -3658
    -3405
    -3101
    -2750
    -2358
    -1930
    -1473
    -994
    -500
    0
    501
    995
    1474
    1931
    2359
    2751
    3102
    3406
    3659
    3857
    3996
    4076
    4095
    4052
    3948
    3784
    3564
    3290
    2967
    2598
    2191
    1751
    1285
    799
    301
    -200
    -699
    -1188
    -1659
    -2105
    -2519
    -2895
    -3228
    -3512
    -3744
    -3919
    -4035
    -4090
    -4084
    -4016
    -3888
    -3702
    -3460
    -3165
    -2823
    -2439
    -2018
    -1566
    -1091
    -600
    -100
    401
    897
    1380
    1842
    2276
    2675
    3035
    3349
    3612
    3822
    3973
    4065
    4096
    4065
    3973
    3822
    3612
    3349
    3035
    2675
    2276
    1842
    1380
    897
    401
    -100
    -600
    -1091
    -1566
    -2018
    -2439
    -2823
    -3165
    -3460
    -3702
    -3888
    -4016
    -4084
    -4090
    -4035
    -3919
    -3744
    -3512
    -3228
    -2895
    -2519
    -2105
    -1659
    -1188
    -699
    -200
    301
    799
    1285
    1751
    2191
    2598
    2967
    3290
    3564
    3784
    3948
    4052
    4095
    4076
    3996
    3857
    3659
    3406
    3102
    2751
    2359
    1931
    1474
    995
    501
    0
    -500
    -994
    -1473
    -1930
    -2358
    -2750
    -3101
    -3405
    -3658
    -3856
    -3995
    -4075
    -4094
    -4051
    -3947
    -3783
    -3563
    -3289
    -2966
    -2597
    -2190
    -1750
    -1284
    -798
    -300
    201
    700
    1189
    1660
    2106
    2520
    2896
    3229
    3513
    3745
    3920
    4036
    4091
    4085
    4017
    3889
    3703
    3461
    3166
    2824
    2440
    2019
    1567
    1092
    601
    101
    -400
    -896
    -1379
    -1841
    -2275
    -2674
    -3034
    -3348
    -3611
    -3821
    -3972
    -4064
    -4095
    -4064
    -3972
    -3821
    -3611
    -3348
    -3034
    -2674
    -2275
    -1841
    -1379
    -896
    -400
    101
    601
    1092
    1567
    2019
    2440
    2824
    3166
    3461
    3703
    3889
    4017
    4085
    4091
    4036
    3920
    3745
    3513
    3229
    2896
    2520
    2106
    1660
    1189
    700
    201
    -300
    -798
    -1284
    -1750
    -2190
    -2597
    -2966
    -3289
    -3563
    -3783
    -3947
    -4051
    -4094
    -4075
    -3995
    -3856
    -3658
    -3405
    -3101
    -2750
    -2358
    -1930
    -1473
    -994
    -500
