	                                                                     
                                                                     
                                                                     
                                             
-0.0139388910499
0.0756613283641
0.128759127602
0.169575809817
0.244099439553
0.306779721623
0.375048880639
0.425027260066
0.484185545203
0.535421457098
0.591754384546
0.619414359581
0.687367305494
0.730445183176
0.773202705162
0.815470355326
0.844011499105
0.875280563655
0.900282819658
0.926638791334
0.952639501932
0.966977862275
0.969674255213
1.00198945358
0.981079126722
1.007817229
0.997527816021
0.994226242771
0.988549746779
0.968969798004
0.961382701302
0.940630319908
0.921477072425
0.866496012822
0.843734203894
0.817917693515
0.767138189045
0.724103628976
0.676820098275
0.636729241868
0.587238486772
0.547481768193
0.483829299129
0.42766303586
0.361268122452
0.302087025471
0.258784141815
0.182385331159
0.113858537263
0.0668136363639
0.00927897621256
-0.0701149564905
-0.135020225869
-0.18493204501
-0.246262058332
-0.315120604573
-0.379369268698
-0.426213780707
-0.485519591091
-0.537120876094
-0.597022415245
-0.627126718401
-0.691513911185
-0.716619564037
-0.76833225414
-0.802031287717
-0.85216960123
-0.882476561339
-0.891286115932
-0.927169692758
-0.937679159348
-0.961516883106
-0.977622840092
-1.00073607962
-0.997377280586
-0.99872923133
-0.992706267503
-0.996058135359
-0.987415419325
-0.977516994888
-0.953092683785
-0.927896757013
-0.921581038383
-0.873139853179
-0.84335529775
-0.819544059154
-0.777849859037
-0.725212422197
-0.679382760045
-0.64160346947
-0.588515246869
-0.536935656739
-0.484613091446
-0.432437173482
-0.372268373293
-0.300333618858
-0.256697655616
-0.189626702835
-0.123154588856
-0.0660641664756
